image_00000 231 270 247 295
image_00001 231 267 247 295
image_00002 231 268 248 294
image_00003 231 263 248 295
image_00004 230 262 249 297
image_00005 230 262 249 297
image_00006 229 261 249 296
image_00007 230 260 249 295
image_00008 229 260 249 296
image_00009 228 260 248 297
image_00010 227 259 248 298
image_00011 226 259 249 299
image_00012 227 259 249 299
image_00013 226 259 249 298
image_00014 227 259 248 298
image_00015 227 239 252 300
image_00016 227 241 253 300
image_00017 227 242 257 301
image_00018 227 246 260 300
image_00019 228 246 261 302
image_00020 228 246 261 301
image_00021 226 245 261 303
image_00022 227 245 261 302
image_00023 225 246 262 303
image_00024 226 245 262 302
image_00025 226 245 262 302
image_00026 226 247 262 304
image_00027 226 247 263 303
image_00028 226 246 262 305
image_00029 224 246 261 304
image_00030 239 248 261 305
image_00031 241 247 262 303
image_00032 241 246 262 306
image_00033 242 246 262 305
image_00034 243 245 262 305
image_00035 243 246 271 306
image_00036 243 246 270 306
image_00037 243 248 269 304
image_00038 242 248 270 307
image_00039 242 247 269 308
image_00040 242 249 269 307
image_00041 241 241 269 306
image_00042 242 240 269 308
image_00043 240 240 269 307
image_00044 241 242 269 305
image_00045 240 240 269 306
image_00046 239 241 269 306
image_00047 248 238 268 270
image_00048 250 237 267 269
image_00049 250 239 267 268
image_00050 249 239 268 269
image_00051 253 240 267 266
image_00052 254 241 267 266
image_00053 253 242 268 264
image_00054 254 242 267 263
image_00055 254 244 268 264
image_00056 256 244 268 263
image_00057 255 242 267 260
image_00058 255 242 268 260
image_00059 256 241 266 259
image_00060 257 242 264 258
image_00061 257 242 264 257
image_00062 257 240 264 255
image_00063 254 240 264 257
